200,6167,1,0,0
200,6168,2,0,0
200,9422,3,0,0
200,6170,4,0,0
200,6171,5,0,0
200,6172,6,0,0
200,6173,7,0,0
200,6174,8,0,0
200,6175,9,0,0
200,6176,10,0,0
200,6177,11,0,0
200,6178,12,0,0
200,6179,13,0,0
200,6180,14,0,0
200,6181,15,0,0
200,6182,16,0,0
200,6183,17,0,0
200,6184,18,0,0
200,6185,19,0,0
200,6186,20,0,0
200,6187,21,0,0
200,6188,22,0,0
200,6195,23,0,0
200,6196,24,0,0
200,6197,25,0,0
200,6198,26,0,0
200,6199,27,0,0
200,6200,28,0,0
200,6201,29,0,0
200,6202,30,0,0
200,6203,31,0,0
200,6204,32,0,0
200,6205,33,0,0
200,6206,34,0,0
200,6207,35,0,0
200,6208,36,0,0
200,6209,37,0,0
200,6210,38,0,0
200,6211,39,0,0
200,6212,40,0,0
200,6213,41,0,0
200,6214,42,0,0
200,6215,43,0,0
200,6216,44,0,0
200,6217,45,0,0
200,6218,46,0,0
200,6219,47,0,0
200,6220,48,0,0
200,6221,49,0,0
200,6222,50,0,0
200,6223,51,0,0
200,6224,52,0,0
200,6225,53,0,0
200,6226,54,0,0
200,6227,55,0,0
200,6228,56,0,0
200,6229,57,0,0
200,6230,58,0,0
200,6231,59,0,0
200,6232,60,0,0
200,6233,61,0,0
200,6234,62,0,0
200,6235,63,0,0
200,6236,64,0,0
200,6237,65,0,0
200,6238,66,0,0
200,6239,67,0,0
200,6240,68,0,0
200,6241,69,0,0
200,6242,70,0,0
200,6243,71,0,0
200,6244,72,0,0
200,6245,73,0,0
200,6246,74,0,0
200,6247,75,0,0
200,6248,76,0,0
200,6249,77,0,0
200,6250,78,0,0
200,6251,79,0,0
200,6252,80,0,0
200,6253,81,0,0
200,6254,82,0,0
200,6255,83,0,0
200,6256,84,0,0
200,6257,85,0,0
200,6258,86,0,0
200,6259,87,0,0
200,6260,88,0,0
200,6261,89,0,0
200,6262,90,0,0
200,6263,91,0,0
200,6264,92,0,0
200,6265,93,0,0
200,6266,94,0,0
200,6267,95,0,0
200,6268,96,0,0
200,6778,97,0,0
200,6269,98,0,0
200,6270,99,0,0
200,6271,100,0,0
200,6272,101,0,0
200,6273,102,0,0
200,6274,103,0,0
200,6275,104,0,0
200,6276,105,0,0
200,6277,106,0,0
200,6278,107,0,0
200,6279,108,0,0
200,6280,109,0,0
200,6281,110,0,0
200,6282,111,0,0
200,6283,112,0,0
200,6284,113,0,0
200,6285,114,0,0
200,6286,115,0,0
200,6287,116,0,0
200,6288,117,0,0
200,6289,118,0,0
200,6290,119,0,0
200,6291,120,0,0
200,6292,121,0,0
200,6293,122,0,0
200,6294,123,0,0
200,6295,124,0,0
200,6296,125,0,0
200,6297,126,0,0
200,6298,127,0,0
200,6299,128,0,0
200,6300,129,0,0
200,6301,130,0,0
200,6302,131,0,0
200,6303,132,0,0
200,6304,133,0,0
200,6305,134,0,0
200,6306,135,0,0
200,6307,136,0,0
200,6308,137,0,0
200,6309,138,0,0
200,6310,139,0,0
200,6311,140,0,0
200,6312,141,0,0
200,6313,142,0,0
200,6314,143,0,0
200,6315,144,0,0
200,6316,145,0,0
200,6317,146,0,0
200,6318,147,0,0
200,6319,148,0,0
200,6320,149,0,0
200,6321,150,0,0
200,6322,151,0,0
200,6323,152,0,0
200,6324,153,0,0
200,6325,154,0,0
200,6326,155,0,0
200,6327,156,0,0
200,6328,157,0,0
200,6329,158,0,0
200,6330,159,0,0
200,6331,160,0,0
200,6332,161,0,0
200,6333,162,0,0
200,6334,163,0,0
200,6335,164,0,0
200,6336,165,0,0
200,6337,166,0,0
200,6338,167,0,0
200,6339,168,0,0
200,6340,169,0,0
200,6341,170,0,0
200,6342,171,0,0
200,6343,172,0,0
200,6344,173,0,0
200,6345,174,0,0
200,6346,175,0,0
200,6347,176,0,0
200,6348,177,0,0
200,6349,178,0,0
200,6350,179,0,0
200,6351,180,0,0
200,6352,181,0,0
200,6353,182,0,0
200,6354,183,0,0
200,6355,184,0,0
200,6356,185,0,0
200,6357,186,0,0
200,6358,187,0,0
200,6359,188,0,0
200,6360,189,0,0
200,6361,190,0,0
200,6362,191,0,0
200,6363,192,0,0
200,6364,193,0,0
200,6365,194,0,0
200,6366,195,0,0
200,6367,196,0,0
200,6368,197,0,0
200,6369,198,0,0
200,6370,199,0,0
200,6371,200,0,0
200,6372,201,0,0
200,6373,202,0,0
200,6374,203,0,0
200,6375,204,0,0
200,6376,205,0,0
200,6377,206,0,0
200,6378,207,0,0
200,6379,208,1,1
300,6388,1,0,0
300,6400,2,0,0
300,6399,3,0,0
300,6401,4,0,0
300,6384,5,0,0
300,6572,6,0,0
300,6590,7,0,0
300,6589,8,0,0
300,6588,9,0,0
300,6591,10,0,0
300,6586,11,0,0
300,6585,12,0,0
300,6612,13,0,0
300,6610,14,0,0
300,6475,15,0,0
300,6522,16,0,0
300,6520,17,0,0
300,6521,18,0,0
300,6525,19,0,0
300,6526,20,0,0
300,6551,21,0,0
300,6553,22,0,0
300,6552,23,0,0
300,6414,24,0,0
300,9362,25,0,0
300,6416,26,0,0
300,6417,27,0,0
300,6418,28,0,0
300,6419,29,0,0
300,9363,30,0,0
300,6421,31,0,0
300,6422,32,0,0
300,6423,33,0,0
300,6439,34,0,0
300,6438,35,0,0
300,6437,36,0,0
300,6436,37,0,0
300,6442,38,0,0
300,6443,39,0,0
300,6500,40,0,0
300,6504,41,0,0
300,6502,42,0,0
300,6462,43,0,0
300,6464,44,0,0
300,9364,45,0,0
300,6471,46,0,0
300,6536,47,0,0
300,6539,48,0,0
300,9365,49,0,0
300,6538,50,0,0
300,6541,51,0,0
300,6535,52,0,0
300,9366,53,0,0
300,6534,54,0,0
300,6487,55,0,0
300,6488,56,0,0
300,6486,57,0,0
300,6459,58,0,0
300,6458,59,0,0
300,6455,60,0,0
300,6647,61,0,0
300,6624,62,0,0
300,6621,63,0,0
300,6595,64,0,0
300,6599,65,0,0
300,6576,66,0,0
300,6560,67,0,0
300,6557,68,0,0
300,6556,69,0,0
300,6559,70,0,0
300,6558,71,0,0
300,6555,72,0,0
300,6554,73,0,0
300,6390,74,0,0
300,6391,75,0,0
300,6653,76,0,0
300,6395,77,0,0
300,6396,78,0,0
300,6389,79,0,0
300,6654,80,0,0
300,6659,81,0,0
300,6661,82,0,0
300,6662,83,0,0
300,6669,84,0,0
300,6645,85,0,0
300,6637,86,0,0
300,6639,87,0,0
300,6640,88,0,0
300,6603,89,0,0
300,6615,90,0,0
300,6564,91,0,0
300,6566,92,0,0
300,6582,93,0,0
300,6580,94,0,0
300,6583,95,0,0
300,6529,96,0,0
300,6533,97,0,0
300,6450,98,0,0
300,6446,99,0,0
300,6408,100,0,0
300,6426,101,0,0
300,6652,102,0,0
300,6644,103,1,1
400,6779,1,0,0
400,6780,2,0,0
400,6781,3,0,0
400,6782,4,0,0
400,6783,5,0,0
400,6784,6,0,0
400,6785,7,0,0
400,6786,8,0,0
400,6789,9,0,0
400,9234,10,0,0
400,9235,11,0,0
400,9236,12,0,0
400,9237,13,0,0
400,9238,14,0,0
400,9243,15,0,0
400,9239,16,0,0
400,6799,17,0,0
400,6800,18,0,0
400,6801,19,0,0
400,6802,20,0,0
400,6803,21,0,0
400,6804,22,0,0
400,6805,23,0,0
400,6806,24,0,0
400,6807,25,0,0
400,6808,26,0,0
400,6809,27,0,0
400,6810,28,0,0
400,6811,29,0,0
400,6812,30,0,0
400,6813,31,0,0
400,6815,32,0,0
400,6816,33,0,0
400,6817,34,0,0
400,6822,35,0,0
400,6823,36,0,0
400,6824,37,0,0
400,6825,38,0,0
400,6826,39,0,0
400,6827,40,0,0
400,6828,41,0,0
400,6829,42,0,0
400,6836,43,0,0
400,6838,44,0,0
400,6839,45,0,0
400,6840,46,0,0
400,6841,47,0,0
400,6842,48,0,0
400,6843,49,0,0
400,6844,50,0,0
400,6845,51,0,0
400,6846,52,0,0
400,6847,53,0,0
400,6848,54,0,0
400,6849,55,0,0
400,6850,56,0,0
400,6851,57,0,0
400,6852,58,0,0
400,6853,59,0,0
400,6854,60,0,0
400,6855,61,0,0
400,6856,62,0,0
400,6858,63,0,0
400,6859,64,0,0
400,6863,65,0,0
400,6864,66,0,0
400,6865,67,0,0
400,6866,68,0,0
400,6867,69,0,0
400,6868,70,0,0
400,6869,71,1,1
500,9401,1,0,0
500,7197,2,0,0
500,7198,3,0,0
500,7199,4,0,0
500,9196,5,0,0
500,9197,6,0,0
500,9402,7,0,0
500,9199,8,0,0
500,9200,9,0,0
500,9201,10,0,0
500,9202,11,0,0
500,9203,12,0,0
500,9204,13,0,0
500,9205,14,0,0
500,9206,15,0,0
500,9207,16,0,0
500,9208,17,0,0
500,9406,18,0,0
500,9210,19,0,0
500,9407,20,0,0
500,9408,21,0,0
500,9409,22,0,0
500,9410,23,0,0
500,9411,24,0,0
500,9412,25,0,0
500,9413,26,0,0
500,9414,27,0,0
500,9415,28,0,0
500,9221,29,0,0
500,9222,30,0,0
500,9403,31,0,0
500,9223,32,0,0
500,9224,33,0,0
500,9330,34,0,0
500,9331,35,0,0
500,9332,36,0,0
500,9333,37,0,0
500,9334,38,0,0
500,9335,39,0,0
500,9416,40,0,0
500,9417,41,0,0
500,9418,42,0,0
500,9419,43,0,0
500,9420,44,0,0
500,9421,45,0,0
500,9404,46,0,0
500,7282,47,0,0
500,7283,48,0,0
500,7284,49,0,0
500,7286,50,0,0
500,9405,51,0,0
500,7288,52,0,0
500,7290,53,0,0
500,7291,54,0,0
500,7294,55,0,0
500,7298,56,0,0
500,7300,57,0,0
500,7301,58,0,0
500,7305,59,0,0
500,7307,60,0,0
500,7310,61,0,0
500,7311,62,0,0
500,7312,63,1,1
700000100,6874,1,0,0
700000100,6875,2,0,0
700000100,6876,3,0,0
700000100,6877,4,0,0
700000100,6878,5,0,0
700000100,6870,6,0,0
700000100,6871,7,0,0
700000100,6872,8,0,0
700000100,6873,9,0,0
700000100,6879,10,0,0
700000100,6880,11,0,0
700000100,6881,12,0,0
700000100,6882,13,0,0
700000100,6883,14,0,0
700000100,6884,15,0,0
700000100,6885,16,0,0
700000100,6886,17,0,0
700000100,6887,18,0,0
700000100,6888,19,0,0
700000100,6889,20,0,0
700000100,6890,21,0,0
700000100,6891,22,0,0
700000100,6892,23,0,0
700000100,6893,24,0,0
700000100,6894,25,0,0
700000100,6895,26,0,0
700000100,6896,27,0,0
700000100,6897,28,0,0
700000100,6898,29,0,0
700000100,6899,30,0,0
700000100,6900,31,0,0
700000100,6901,32,0,0
700000100,6902,33,0,0
700000100,6903,34,0,0
700000100,6904,35,0,0
700000100,6905,36,0,0
700000100,9390,37,0,0
700000100,6906,38,0,0
700000100,6907,39,0,0
700000100,6908,40,0,0
700000100,9384,41,0,0
700000100,6910,42,0,0
700000100,6909,43,0,0
700000100,9385,44,0,0
700000100,6911,45,0,0
700000100,6912,46,0,0
700000100,6913,47,0,0
700000100,6914,48,0,0
700000100,6915,49,0,0
700000100,6916,50,0,0
700000100,6917,51,0,0
700000100,6919,52,0,0
700000100,6920,53,0,0
700000100,6921,54,0,0
700000100,6922,55,0,0
700000100,6923,56,0,0
700000100,6924,57,0,0
700000100,6925,58,0,0
700000100,6926,59,0,0
700000100,6927,60,0,0
700000100,6928,61,0,0
700000100,6929,62,0,0
700000100,6930,63,0,0
700000100,6931,64,0,0
700000100,6932,65,0,0
700000100,6933,66,0,0
700000100,6934,67,0,0
700000100,6935,68,0,0
700000100,6936,69,0,0
700000100,6937,70,0,0
700000100,6938,71,0,0
700000100,6939,72,0,0
700000100,6940,73,0,0
700000100,6941,74,0,0
700000100,6942,75,0,0
700000100,6943,76,0,0
700000100,6944,77,0,0
700000100,6945,78,0,0
700000100,6946,79,0,0
700000100,6947,80,0,0
700000100,6948,81,0,0
700000100,6949,82,0,0
700000100,6950,83,0,0
700000100,6951,84,0,0
700000100,6952,85,0,0
700000100,6953,86,0,0
700000100,6954,87,0,0
700000100,6955,88,0,0
700000100,6956,89,0,0
700000100,6958,90,0,0
700000100,6960,91,0,0
700000100,6962,92,0,0
700000100,6964,93,0,0
700000100,6966,94,0,0
700000100,6968,95,0,0
700000100,6970,96,0,0
700000100,6972,97,0,0
700000100,6974,98,0,0
700000100,6976,99,0,0
700000100,6978,100,0,0
700000100,6980,101,0,0
700000100,6982,102,0,0
700000100,6984,103,0,0
700000100,6986,104,0,0
700000100,6988,105,0,0
700000100,6990,106,0,0
700000100,6992,107,0,0
700000100,6994,108,0,0
700000100,6996,109,0,0
700000100,6998,110,0,0
700000100,7000,111,0,0
700000100,7002,112,0,0
700000100,7003,113,0,0
700000100,7004,114,0,0
700000100,7005,115,0,0
700000100,7006,116,0,0
700000100,7007,117,0,0
700000100,7008,118,0,0
700000100,7009,119,0,0
700000100,7010,120,0,0
700000100,7011,121,0,0
700000100,7012,122,0,0
700000100,7013,123,0,0
700000100,7014,124,0,0
700000100,7015,125,0,0
700000100,7016,126,0,0
700000100,7017,127,0,0
700000100,7018,128,0,0
700000100,7019,129,0,0
700000100,7020,130,0,0
700000100,7021,131,0,0
700000100,7022,132,0,0
700000100,7023,133,0,0
700000100,7024,134,0,0
700000100,7025,135,0,0
700000100,7026,136,0,0
700000100,7027,137,0,0
700000100,7028,138,0,0
700000100,7029,139,0,0
700000100,7030,140,0,0
700000100,7031,141,0,0
700000100,7032,142,0,0
700000100,7033,143,0,0
700000100,7034,144,0,0
700000100,7035,145,0,0
700000100,7036,146,0,0
700000100,7037,147,0,0
700000100,7038,148,0,0
700000100,7039,149,0,0
700000100,7040,150,0,0
700000100,7041,151,0,0
700000100,7042,152,0,0
700000100,7043,153,0,0
700000100,7044,154,0,0
700000100,7045,155,0,0
700000100,7046,156,0,0
700000100,7047,157,0,0
700000100,7048,158,0,0
700000100,7049,159,0,0
700000100,7050,160,0,0
700000100,7051,161,0,0
700000100,7052,162,0,0
700000100,7053,163,0,0
700000100,7054,164,0,0
700000100,7055,165,0,0
700000100,7056,166,0,0
700000100,7057,167,0,0
700000100,7058,168,0,0
700000100,7059,169,0,0
700000100,7060,170,0,0
700000100,7061,171,0,0
700000100,7062,172,0,0
700000100,7063,173,0,0
700000100,7064,174,0,0
700000100,7065,175,0,0
700000100,7066,176,0,0
700000100,7067,177,0,0
700000100,7068,178,0,0
700000100,7069,179,0,0
700000100,7070,180,0,0
700000100,7071,181,0,0
700000100,7072,182,0,0
700000100,7073,183,0,0
700000100,7074,184,0,0
700000100,7075,185,0,0
700000100,7076,186,0,0
700000100,7077,187,0,0
700000100,7078,188,0,0
700000100,7079,189,0,0
700000100,7080,190,0,0
700000100,7081,191,0,0
700000100,7082,192,0,0
700000100,7083,193,0,0
700000100,7084,194,0,0
700000100,7085,195,0,0
700000100,7086,196,0,0
700000100,7087,197,0,0
700000100,7088,198,0,0
700000100,7089,199,0,0
700000100,7090,200,0,0
700000100,7091,201,0,0
700000100,7092,202,0,0
700000100,7093,203,0,0
700000100,7094,204,0,0
700000100,7095,205,0,0
700000100,7096,206,0,0
700000100,7097,207,0,0
700000100,7098,208,0,0
700000100,7099,209,0,0
700000100,7100,210,0,0
700000100,7101,211,0,0
700000100,7102,212,0,0
700000100,7103,213,0,0
700000100,7104,214,0,0
700000100,7105,215,0,0
700000100,7106,216,0,0
700000100,7107,217,0,0
700000100,7108,218,0,0
700000100,6957,219,0,0
700000100,6959,220,0,0
700000100,6961,221,0,0
700000100,6963,222,0,0
700000100,6965,223,0,0
700000100,6967,224,0,0
700000100,6969,225,0,0
700000100,6971,226,0,0
700000100,6973,227,0,0
700000100,6975,228,0,0
700000100,6977,229,0,0
700000100,6979,230,0,0
700000100,6981,231,0,0
700000100,6983,232,0,0
700000100,6985,233,0,0
700000100,6987,234,0,0
700000100,6989,235,0,0
700000100,6991,236,0,0
700000100,6993,237,0,0
700000100,6995,238,0,0
700000100,6997,239,0,0
700000100,6999,240,0,0
700000100,7001,241,0,0
700000100,7109,242,0,0
700000100,7110,243,0,0
700000100,7111,244,0,0
700000100,7112,245,0,0
700000100,7113,246,0,0
700000100,7114,247,0,0
700000100,7115,248,0,0
700000100,7116,249,0,0
700000100,7117,250,0,0
700000100,7118,251,0,0
700000100,7119,252,0,0
700000100,7120,253,0,0
700000100,7121,254,0,0
700000100,7122,255,0,0
700000100,7123,256,0,0
700000100,7124,257,0,0
700000100,7125,258,0,0
700000100,7126,259,0,0
700000100,7127,260,0,0
700000100,7128,261,0,0
700000100,7129,262,0,0
700000100,7130,263,0,0
700000100,7131,264,0,0
700000100,7132,265,0,0
700000100,7133,266,0,0
700000100,7134,267,0,0
700000100,7135,268,0,0
700000100,7136,269,0,0
700000100,7137,270,0,0
700000100,7138,271,0,0
700000100,7139,272,0,0
700000100,7140,273,0,0
700000100,7141,274,0,0
700000100,7142,275,0,0
700000100,7143,276,0,0
700000100,7144,277,0,0
700000100,7145,278,0,0
700000100,7146,279,0,0
700000100,7147,280,0,0
700000100,7149,281,0,0
700000100,7150,282,0,0
700000100,7151,283,0,0
700000100,7152,284,0,0
700000100,7153,285,0,0
700000100,9397,286,0,0
700000100,9387,287,0,0
700000100,9388,288,0,0
700000100,9389,289,0,0
700000100,9391,290,0,0
700000100,9398,291,0,0
700000100,9395,292,0,0
700000100,9396,293,0,0
700000100,7162,294,0,0
700000100,7163,295,0,0
700000100,7164,296,0,0
700000100,7165,297,0,0
700000100,7166,298,0,0
700000100,7167,299,0,0
700000100,7168,300,0,0
700000100,7169,301,0,0
700000100,7170,302,0,0
700000100,7171,303,0,0
700000100,7172,304,0,0
700000100,7173,305,0,0
700000100,7174,306,0,0
700000100,7175,307,0,0
700000100,7176,308,0,0
700000100,7177,309,0,0
700000100,7178,310,0,0
700000100,7179,311,0,0
700000100,7180,312,0,0
700000100,7181,313,0,0
700000100,7182,314,0,0
700000100,7183,315,0,0
700000100,7184,316,0,0
700000100,7185,317,0,0
700000100,7186,318,0,0
700000100,7187,319,0,0
700000100,7188,320,0,0
700000100,7189,321,0,0
700000100,7190,322,0,0
700000100,7191,323,0,0
700000100,7192,324,0,0
700000100,7193,325,0,0
700000100,7194,326,1,1
2300000100,9427,1,0,0
2300000100,9428,2,0,0
2300000100,9429,3,0,0
2300000100,9430,4,0,0
2300000100,9431,5,0,0
2300000100,9423,6,0,0
2300000100,9424,7,0,0
2300000100,9425,8,0,0
2300000100,9426,9,0,0
2300000100,9432,10,0,0
2300000100,9433,11,0,0
2300000100,9434,12,0,0
2300000100,9435,13,0,0
2300000100,9436,14,0,0
2300000100,9437,15,0,0
2300000100,9438,16,0,0
2300000100,9439,17,0,0
2300000100,9440,18,0,0
2300000100,9441,19,0,0
2300000100,9442,20,0,0
2300000100,9443,21,0,0
2300000100,9444,22,0,0
2300000100,9445,23,0,0
2300000100,9446,24,0,0
2300000100,9447,25,0,0
2300000100,9448,26,0,0
2300000100,9449,27,0,0
2300000100,9450,28,0,0
2300000100,9451,29,0,0
2300000100,9452,30,0,0
2300000100,9453,31,0,0
2300000100,9454,32,0,0
2300000100,9455,33,0,0
2300000100,9456,34,0,0
2300000100,9457,35,0,0
2300000100,9726,36,0,0
2300000100,9739,37,0,0
2300000100,9728,38,0,0
2300000100,9730,39,0,0
2300000100,9731,40,0,0
2300000100,9732,41,0,0
2300000100,9734,42,0,0
2300000100,9733,43,0,0
2300000100,9735,44,0,0
2300000100,9458,45,0,0
2300000100,9741,46,0,0
2300000100,9743,47,0,0
2300000100,9740,48,0,0
2300000100,9744,49,0,0
2300000100,9459,50,0,0
2300000100,9460,51,0,0
2300000100,9461,52,0,0
2300000100,9462,53,0,0
2300000100,9463,54,0,0
2300000100,9464,55,0,0
2300000100,9465,56,0,0
2300000100,9466,57,0,0
2300000100,9467,58,0,0
2300000100,9468,59,0,0
2300000100,9469,60,0,0
2300000100,9470,61,0,0
2300000100,9471,62,0,0
2300000100,9472,63,0,0
2300000100,9473,64,0,0
2300000100,9474,65,0,0
2300000100,9475,66,0,0
2300000100,9476,67,0,0
2300000100,9477,68,0,0
2300000100,9478,69,0,0
2300000100,9479,70,0,0
2300000100,9480,71,0,0
2300000100,9481,72,0,0
2300000100,9482,73,0,0
2300000100,9483,74,0,0
2300000100,9725,75,0,0
2300000100,9484,76,0,0
2300000100,9485,77,0,0
2300000100,9486,78,0,0
2300000100,9487,79,0,0
2300000100,9488,80,0,0
2300000100,9489,81,0,0
2300000100,9490,82,0,0
2300000100,9491,83,0,0
2300000100,9492,84,0,0
2300000100,9493,85,0,0
2300000100,9494,86,0,0
2300000100,9495,87,0,0
2300000100,9496,88,0,0
2300000100,9497,89,0,0
2300000100,9499,90,0,0
2300000100,9501,91,0,0
2300000100,9503,92,0,0
2300000100,9505,93,0,0
2300000100,9507,94,0,0
2300000100,9509,95,0,0
2300000100,9511,96,0,0
2300000100,9513,97,0,0
2300000100,9515,98,0,0
2300000100,9517,99,0,0
2300000100,9519,100,0,0
2300000100,9521,101,0,0
2300000100,9523,102,0,0
2300000100,9525,103,0,0
2300000100,9527,104,0,0
2300000100,9529,105,0,0
2300000100,9531,106,0,0
2300000100,9533,107,0,0
2300000100,9535,108,0,0
2300000100,9537,109,0,0
2300000100,9539,110,0,0
2300000100,9541,111,0,0
2300000100,9543,112,0,0
2300000100,9544,113,0,0
2300000100,9545,114,0,0
2300000100,9546,115,0,0
2300000100,9547,116,0,0
2300000100,9548,117,0,0
2300000100,9549,118,0,0
2300000100,9550,119,0,0
2300000100,9551,120,0,0
2300000100,9552,121,0,0
2300000100,9553,122,0,0
2300000100,9554,123,0,0
2300000100,9555,124,0,0
2300000100,9556,125,0,0
2300000100,9557,126,0,0
2300000100,9558,127,0,0
2300000100,9559,128,0,0
2300000100,9560,129,0,0
2300000100,9561,130,0,0
2300000100,9562,131,0,0
2300000100,9563,132,0,0
2300000100,9564,133,0,0
2300000100,9565,134,0,0
2300000100,9566,135,0,0
2300000100,9567,136,0,0
2300000100,9568,137,0,0
2300000100,9569,138,0,0
2300000100,9570,139,0,0
2300000100,9571,140,0,0
2300000100,9572,141,0,0
2300000100,9573,142,0,0
2300000100,9574,143,0,0
2300000100,9575,144,0,0
2300000100,9576,145,0,0
2300000100,9577,146,0,0
2300000100,9578,147,0,0
2300000100,9579,148,0,0
2300000100,9580,149,0,0
2300000100,9581,150,0,0
2300000100,9582,151,0,0
2300000100,9583,152,0,0
2300000100,9584,153,0,0
2300000100,9585,154,0,0
2300000100,9586,155,0,0
2300000100,9587,156,0,0
2300000100,9588,157,0,0
2300000100,9589,158,0,0
2300000100,9590,159,0,0
2300000100,9591,160,0,0
2300000100,9592,161,0,0
2300000100,9593,162,0,0
2300000100,9594,163,0,0
2300000100,9595,164,0,0
2300000100,9596,165,0,0
2300000100,9597,166,0,0
2300000100,9598,167,0,0
2300000100,9599,168,0,0
2300000100,9600,169,0,0
2300000100,9601,170,0,0
2300000100,9602,171,0,0
2300000100,9603,172,0,0
2300000100,9604,173,0,0
2300000100,9605,174,0,0
2300000100,9606,175,0,0
2300000100,9607,176,0,0
2300000100,9608,177,0,0
2300000100,9609,178,0,0
2300000100,9610,179,0,0
2300000100,9611,180,0,0
2300000100,9612,181,0,0
2300000100,9613,182,0,0
2300000100,9614,183,0,0
2300000100,9615,184,0,0
2300000100,9616,185,0,0
2300000100,9617,186,0,0
2300000100,9618,187,0,0
2300000100,9619,188,0,0
2300000100,9620,189,0,0
2300000100,9621,190,0,0
2300000100,9622,191,0,0
2300000100,9623,192,0,0
2300000100,9624,193,0,0
2300000100,9625,194,0,0
2300000100,9626,195,0,0
2300000100,9627,196,0,0
2300000100,9628,197,0,0
2300000100,9629,198,0,0
2300000100,9630,199,0,0
2300000100,9631,200,0,0
2300000100,9632,201,0,0
2300000100,9633,202,0,0
2300000100,9634,203,0,0
2300000100,9635,204,0,0
2300000100,9636,205,0,0
2300000100,9637,206,0,0
2300000100,9638,207,0,0
2300000100,9639,208,0,0
2300000100,9640,209,0,0
2300000100,9641,210,0,0
2300000100,9642,211,0,0
2300000100,9643,212,0,0
2300000100,9644,213,0,0
2300000100,9645,214,0,0
2300000100,9646,215,0,0
2300000100,9647,216,0,0
2300000100,9648,217,0,0
2300000100,9649,218,0,0
2300000100,9498,219,0,0
2300000100,9500,220,0,0
2300000100,9502,221,0,0
2300000100,9504,222,0,0
2300000100,9506,223,0,0
2300000100,9508,224,0,0
2300000100,9510,225,0,0
2300000100,9512,226,0,0
2300000100,9514,227,0,0
2300000100,9516,228,0,0
2300000100,9518,229,0,0
2300000100,9520,230,0,0
2300000100,9522,231,0,0
2300000100,9524,232,0,0
2300000100,9526,233,0,0
2300000100,9528,234,0,0
2300000100,9530,235,0,0
2300000100,9532,236,0,0
2300000100,9534,237,0,0
2300000100,9536,238,0,0
2300000100,9538,239,0,0
2300000100,9540,240,0,0
2300000100,9542,241,0,0
2300000100,9650,242,0,0
2300000100,9651,243,0,0
2300000100,9652,244,0,0
2300000100,9653,245,0,0
2300000100,9654,246,0,0
2300000100,9655,247,0,0
2300000100,9656,248,0,0
2300000100,9657,249,0,0
2300000100,9658,250,0,0
2300000100,9659,251,0,0
2300000100,9660,252,0,0
2300000100,9661,253,0,0
2300000100,9662,254,0,0
2300000100,9663,255,0,0
2300000100,9664,256,0,0
2300000100,9724,257,0,0
2300000100,9665,258,0,0
2300000100,9666,259,0,0
2300000100,9667,260,0,0
2300000100,9668,261,0,0
2300000100,9669,262,0,0
2300000100,9670,263,0,0
2300000100,9671,264,0,0
2300000100,9672,265,0,0
2300000100,9673,266,0,0
2300000100,9674,267,0,0
2300000100,9675,268,0,0
2300000100,9676,269,0,0
2300000100,9677,270,0,0
2300000100,9678,271,0,0
2300000100,9679,272,0,0
2300000100,9680,273,0,0
2300000100,9681,274,0,0
2300000100,9682,275,0,0
2300000100,9683,276,0,0
2300000100,9684,277,0,0
2300000100,9685,278,0,0
2300000100,9686,279,0,0
2300000100,9687,280,0,0
2300000100,9688,281,0,0
2300000100,9689,282,0,0
2300000100,9727,283,0,0
2300000100,9729,284,0,0
2300000100,9690,285,0,0
2300000100,9747,286,0,0
2300000100,9736,287,0,0
2300000100,9737,288,0,0
2300000100,9738,289,0,0
2300000100,9742,290,0,0
2300000100,9748,291,0,0
2300000100,9745,292,0,0
2300000100,9746,293,0,0
2300000100,9691,294,0,0
2300000100,9692,295,0,0
2300000100,9693,296,0,0
2300000100,9694,297,0,0
2300000100,9695,298,0,0
2300000100,9696,299,0,0
2300000100,9697,300,0,0
2300000100,9698,301,0,0
2300000100,9699,302,0,0
2300000100,9700,303,0,0
2300000100,9701,304,0,0
2300000100,9702,305,0,0
2300000100,9703,306,0,0
2300000100,9704,307,0,0
2300000100,9705,308,0,0
2300000100,9706,309,0,0
2300000100,9707,310,0,0
2300000100,9708,311,0,0
2300000100,9709,312,0,0
2300000100,9710,313,0,0
2300000100,9711,314,0,0
2300000100,9712,315,0,0
2300000100,9713,316,0,0
2300000100,9714,317,0,0
2300000100,9715,318,0,0
2300000100,9716,319,0,0
2300000100,9717,320,0,0
2300000100,9718,321,0,0
2300000100,9719,322,0,0
2300000100,9720,323,0,0
2300000100,9721,324,0,0
2300000100,9722,325,0,0
2300000100,9723,326,1,1
